
==== CONFIG ====
bases	https://line01.cy8cff-resources.com, https://line01w.cy8cff-resources.com
proxy	yes

==== UPDATED_NET ====

==== UPDATED_HISTORY ====

==== REMAINING_BAD ====
676	
678	
685	
909	
910	
912	
917	
918	
921	
922	
923	
924	
925	
927	
928	
930	
931	
933	
934	
974	
976	
978	
980	
989	
991	
1071	
1079	
1080	
1310	
1311	
1312	
1313	
1319	
1321	
1323	
1325	
1373	
1374	
1393	
1394	
1396	
1397	
1399	
1400	
1402	
1403	
1405	
1406	
1408	
1409	
1411	
1412	
1414	
1415	
1420	
1421	
1423	
1424	
1426	
1427	
1429	
1430	
1432	
1433	
1436	
1437	
1438	
1439	
1440	
1441	
1445	
1446	
1447	
1448	
1449	
1450	
1451	
1452	
1453	
1454	
1466	
1467	
1469	
1471	
1474	
1475	
1509	
1510	
1512	
1513	
1515	
1516	
1518	
1519	
1521	
1522	
1569	
1571	
1572	
1612	
1613	
1672	
1675	
1677	
1678	
1680	
1681	
1683	
1684	
1686	
1687	
1689	
1690	
1692	
1696	
1697	
1718	
1723	
1724	
1727	
1728	
1730	
1731	
1733	
1734	
1736	
1737	
1739	
1747	
1748	
1750	
1751	
1753	
1754	
1756	
1757	
1759	
1760	
1791	
1793	
1794	
1796	
1797	
1799	
1800	
1802	
1803	
1805	
1806	
1809	
1810	
1812	
1813	
1815	
1816	
1818	
1819	
1821	
1822	
1824	
1825	
1827	
1828	
1830	
1831	
1845	
1846	
1848	
1849	
1854	
1860	
1862	
1864	
1866	
1868	
1871	
1873	
1874	
1880	
1881	
1883	
1884	
1886	
1887	
1893	
1894	
1896	
1897	
1899	
1900	
2203	
2204	
2209	
2210	
2421	
2422	
2424	
2425	
2427	
2428	
2430	
2431	
2820	
2821	
2995	
2996	
2998	
2999	
3001	
3002	
3004	
3005	
3007	
3008	
3010	
3011	
3024	
3025	
3027	
3028	
3030	
3031	
3155	
3156	
3244	
3245	
3247	
3248	
3262	
3263	
3265	
3266	
3274	
3275	
3645	
3646	
3648	
3649	
3651	
3652	
3654	
3655	
3657	
3658	
3660	
3661	
4241	
4242	
4672	
4673	
4974	
4975	
4976	
4982	
4983	
4984	
5028	
5029	
5030	
5033	
5034	
5035	
5036	
5039	
5040	
5041	
5042	
5045	
5046	
5047	
5048	
5063	
6835	
6836	
7035	
7036	
9886	
9887	
9961	
9962	
9964	
9965	
10409	
10410	
10509	
10510	
10849	
10850	
12323	
12324	
12797	
12798	
12800	
12801	
14076	
14077	
14656	
14657	
14659	
14660	
14662	
14663	
14666	
14667	
14678	
14679	
14681	
14682	
14684	
14685	
14705	
14706	
14986	
14987	
15424	
15425	
15622	
15623	
16050	
16051	
16053	
16054	
16056	
16057	
16059	
16060	
16062	
16063	
16065	
16066	
16068	
16069	
16071	
16072	
16098	
16099	
16101	
16102	
16104	
16105	
16107	
16108	
16154	
16155	
16323	
16324	
16350	
16351	
16770	
16771	
16773	
16774	
16947	
16948	
16950	
16951	
16953	
16954	
16956	
16957	
16984	
16985	
